/home/yunkang/objaverse-xl/data/objaverse-animation-HQ_render_results/0a0b504f51a94d95a2d492d3c372ebe5/backward/Armature|idle_anim_COLMAP_camera.txt
00000073 1.000000000 1.750000000 0.500000000 0.500000000 0.000000000 0.000000000 1.000000000 0.000000000 0.000000000 0.000000000 0.000000000 0.000000134 -1.000000119 0.000000296 0.000000000 1.000000119 0.000000134 2.201807022
00000074 1.000000000 1.750000000 0.500000000 0.500000000 0.000000000 0.000000000 1.000000000 0.000000000 0.000000000 0.000000000 0.000000000 0.000000134 -1.000000119 0.000000299 0.000000000 1.000000119 0.000000134 2.225705862
00000075 1.000000000 1.750000000 0.500000000 0.500000000 0.000000000 0.000000000 1.000000000 0.000000000 0.000000000 0.000000000 0.000000000 0.000000134 -1.000000119 0.000000302 0.000000000 1.000000119 0.000000134 2.249604702
00000076 1.000000000 1.750000000 0.500000000 0.500000000 0.000000000 0.000000000 1.000000000 0.000000000 0.000000000 0.000000000 0.000000000 0.000000134 -1.000000119 0.000000305 0.000000000 1.000000119 0.000000134 2.273503542
00000077 1.000000000 1.750000000 0.500000000 0.500000000 0.000000000 0.000000000 1.000000000 0.000000000 0.000000000 0.000000000 0.000000000 0.000000134 -1.000000119 0.000000309 0.000000000 1.000000119 0.000000134 2.297402382
00000078 1.000000000 1.750000000 0.500000000 0.500000000 0.000000000 0.000000000 1.000000000 0.000000000 0.000000000 0.000000000 0.000000000 0.000000134 -1.000000119 0.000000312 0.000000000 1.000000119 0.000000134 2.321301222
00000079 1.000000000 1.750000000 0.500000000 0.500000000 0.000000000 0.000000000 1.000000000 0.000000000 0.000000000 0.000000000 0.000000000 0.000000134 -1.000000119 0.000000315 0.000000000 1.000000119 0.000000134 2.345200062
00000080 1.000000000 1.750000000 0.500000000 0.500000000 0.000000000 0.000000000 1.000000000 0.000000000 0.000000000 0.000000000 0.000000000 0.000000134 -1.000000119 0.000000318 0.000000000 1.000000119 0.000000134 2.369098902
00000081 1.000000000 1.750000000 0.500000000 0.500000000 0.000000000 0.000000000 1.000000000 0.000000000 0.000000000 0.000000000 0.000000000 0.000000134 -1.000000119 0.000000322 0.000000000 1.000000119 0.000000134 2.392997742
00000082 1.000000000 1.750000000 0.500000000 0.500000000 0.000000000 0.000000000 1.000000000 0.000000000 0.000000000 0.000000000 0.000000000 0.000000134 -1.000000119 0.000000325 0.000000000 1.000000119 0.000000134 2.416896582
00000083 1.000000000 1.750000000 0.500000000 0.500000000 0.000000000 0.000000000 1.000000000 0.000000000 0.000000000 0.000000000 0.000000000 0.000000134 -1.000000119 0.000000328 0.000000000 1.000000119 0.000000134 2.440795422
00000084 1.000000000 1.750000000 0.500000000 0.500000000 0.000000000 0.000000000 1.000000000 0.000000000 0.000000000 0.000000000 0.000000000 0.000000134 -1.000000119 0.000000331 0.000000000 1.000000119 0.000000134 2.464694262
00000085 1.000000000 1.750000000 0.500000000 0.500000000 0.000000000 0.000000000 1.000000000 0.000000000 0.000000000 0.000000000 0.000000000 0.000000134 -1.000000119 0.000000334 0.000000000 1.000000119 0.000000134 2.488593102
00000086 1.000000000 1.750000000 0.500000000 0.500000000 0.000000000 0.000000000 1.000000000 0.000000000 0.000000000 0.000000000 0.000000000 0.000000134 -1.000000119 0.000000338 0.000000000 1.000000119 0.000000134 2.512491941
00000087 1.000000000 1.750000000 0.500000000 0.500000000 0.000000000 0.000000000 1.000000000 0.000000000 0.000000000 0.000000000 0.000000000 0.000000134 -1.000000119 0.000000341 0.000000000 1.000000119 0.000000134 2.536390781
00000088 1.000000000 1.750000000 0.500000000 0.500000000 0.000000000 0.000000000 1.000000000 0.000000000 0.000000000 0.000000000 0.000000000 0.000000134 -1.000000119 0.000000344 0.000000000 1.000000119 0.000000134 2.560289621
00000089 1.000000000 1.750000000 0.500000000 0.500000000 0.000000000 0.000000000 1.000000000 0.000000000 0.000000000 0.000000000 0.000000000 0.000000134 -1.000000119 0.000000347 0.000000000 1.000000119 0.000000134 2.584188461
00000090 1.000000000 1.750000000 0.500000000 0.500000000 0.000000000 0.000000000 1.000000000 0.000000000 0.000000000 0.000000000 0.000000000 0.000000134 -1.000000119 0.000000350 0.000000000 1.000000119 0.000000134 2.608087301
00000091 1.000000000 1.750000000 0.500000000 0.500000000 0.000000000 0.000000000 1.000000000 0.000000000 0.000000000 0.000000000 0.000000000 0.000000134 -1.000000119 0.000000354 0.000000000 1.000000119 0.000000134 2.631986141
00000092 1.000000000 1.750000000 0.500000000 0.500000000 0.000000000 0.000000000 1.000000000 0.000000000 0.000000000 0.000000000 0.000000000 0.000000134 -1.000000119 0.000000357 0.000000000 1.000000119 0.000000134 2.655884981
00000093 1.000000000 1.750000000 0.500000000 0.500000000 0.000000000 0.000000000 1.000000000 0.000000000 0.000000000 0.000000000 0.000000000 0.000000134 -1.000000119 0.000000360 0.000000000 1.000000119 0.000000134 2.679783821
00000094 1.000000000 1.750000000 0.500000000 0.500000000 0.000000000 0.000000000 1.000000000 0.000000000 0.000000000 0.000000000 0.000000000 0.000000134 -1.000000119 0.000000363 0.000000000 1.000000119 0.000000134 2.703682661
00000095 1.000000000 1.750000000 0.500000000 0.500000000 0.000000000 0.000000000 1.000000000 0.000000000 0.000000000 0.000000000 0.000000000 0.000000134 -1.000000119 0.000000366 0.000000000 1.000000119 0.000000134 2.727581501
00000096 1.000000000 1.750000000 0.500000000 0.500000000 0.000000000 0.000000000 1.000000000 0.000000000 0.000000000 0.000000000 0.000000000 0.000000134 -1.000000119 0.000000370 0.000000000 1.000000119 0.000000134 2.751480341
00000097 1.000000000 1.750000000 0.500000000 0.500000000 0.000000000 0.000000000 1.000000000 0.000000000 0.000000000 0.000000000 0.000000000 0.000000134 -1.000000119 0.000000373 0.000000000 1.000000119 0.000000134 2.775379181
00000098 1.000000000 1.750000000 0.500000000 0.500000000 0.000000000 0.000000000 1.000000000 0.000000000 0.000000000 0.000000000 0.000000000 0.000000134 -1.000000119 0.000000376 0.000000000 1.000000119 0.000000134 2.799278021
00000099 1.000000000 1.750000000 0.500000000 0.500000000 0.000000000 0.000000000 1.000000000 0.000000000 0.000000000 0.000000000 0.000000000 0.000000134 -1.000000119 0.000000379 0.000000000 1.000000119 0.000000134 2.823176861
00000100 1.000000000 1.750000000 0.500000000 0.500000000 0.000000000 0.000000000 1.000000000 0.000000000 0.000000000 0.000000000 0.000000000 0.000000134 -1.000000119 0.000000383 0.000000000 1.000000119 0.000000134 2.847075701
00000101 1.000000000 1.750000000 0.500000000 0.500000000 0.000000000 0.000000000 1.000000000 0.000000000 0.000000000 0.000000000 0.000000000 0.000000134 -1.000000119 0.000000386 0.000000000 1.000000119 0.000000134 2.870974541
00000102 1.000000000 1.750000000 0.500000000 0.500000000 0.000000000 0.000000000 1.000000000 0.000000000 0.000000000 0.000000000 0.000000000 0.000000134 -1.000000119 0.000000389 0.000000000 1.000000119 0.000000134 2.894873381
00000103 1.000000000 1.750000000 0.500000000 0.500000000 0.000000000 0.000000000 1.000000000 0.000000000 0.000000000 0.000000000 0.000000000 0.000000134 -1.000000119 0.000000392 0.000000000 1.000000119 0.000000134 2.918772221
00000104 1.000000000 1.750000000 0.500000000 0.500000000 0.000000000 0.000000000 1.000000000 0.000000000 0.000000000 0.000000000 0.000000000 0.000000134 -1.000000119 0.000000395 0.000000000 1.000000119 0.000000134 2.942671061
00000105 1.000000000 1.750000000 0.500000000 0.500000000 0.000000000 0.000000000 1.000000000 0.000000000 0.000000000 0.000000000 0.000000000 0.000000134 -1.000000119 0.000000399 0.000000000 1.000000119 0.000000134 2.966569901
00000106 1.000000000 1.750000000 0.500000000 0.500000000 0.000000000 0.000000000 1.000000000 0.000000000 0.000000000 0.000000000 0.000000000 0.000000134 -1.000000119 0.000000402 0.000000000 1.000000119 0.000000134 2.990468740
00000107 1.000000000 1.750000000 0.500000000 0.500000000 0.000000000 0.000000000 1.000000000 0.000000000 0.000000000 0.000000000 0.000000000 0.000000134 -1.000000119 0.000000405 0.000000000 1.000000119 0.000000134 3.014367819
00000108 1.000000000 1.750000000 0.500000000 0.500000000 0.000000000 0.000000000 1.000000000 0.000000000 0.000000000 0.000000000 0.000000000 0.000000134 -1.000000119 0.000000408 0.000000000 1.000000119 0.000000134 3.038266659
00000109 1.000000000 1.750000000 0.500000000 0.500000000 0.000000000 0.000000000 1.000000000 0.000000000 0.000000000 0.000000000 0.000000000 0.000000134 -1.000000119 0.000000411 0.000000000 1.000000119 0.000000134 3.062165499
00000110 1.000000000 1.750000000 0.500000000 0.500000000 0.000000000 0.000000000 1.000000000 0.000000000 0.000000000 0.000000000 0.000000000 0.000000134 -1.000000119 0.000000415 0.000000000 1.000000119 0.000000134 3.086064339
00000111 1.000000000 1.750000000 0.500000000 0.500000000 0.000000000 0.000000000 1.000000000 0.000000000 0.000000000 0.000000000 0.000000000 0.000000134 -1.000000119 0.000000418 0.000000000 1.000000119 0.000000134 3.109963179
00000112 1.000000000 1.750000000 0.500000000 0.500000000 0.000000000 0.000000000 1.000000000 0.000000000 0.000000000 0.000000000 0.000000000 0.000000134 -1.000000119 0.000000421 0.000000000 1.000000119 0.000000134 3.133862019
00000113 1.000000000 1.750000000 0.500000000 0.500000000 0.000000000 0.000000000 1.000000000 0.000000000 0.000000000 0.000000000 0.000000000 0.000000134 -1.000000119 0.000000424 0.000000000 1.000000119 0.000000134 3.157760859
00000114 1.000000000 1.750000000 0.500000000 0.500000000 0.000000000 0.000000000 1.000000000 0.000000000 0.000000000 0.000000000 0.000000000 0.000000134 -1.000000119 0.000000427 0.000000000 1.000000119 0.000000134 3.181659698
00000115 1.000000000 1.750000000 0.500000000 0.500000000 0.000000000 0.000000000 1.000000000 0.000000000 0.000000000 0.000000000 0.000000000 0.000000134 -1.000000119 0.000000431 0.000000000 1.000000119 0.000000134 3.205558538
00000116 1.000000000 1.750000000 0.500000000 0.500000000 0.000000000 0.000000000 1.000000000 0.000000000 0.000000000 0.000000000 0.000000000 0.000000134 -1.000000119 0.000000434 0.000000000 1.000000119 0.000000134 3.229457378
00000117 1.000000000 1.750000000 0.500000000 0.500000000 0.000000000 0.000000000 1.000000000 0.000000000 0.000000000 0.000000000 0.000000000 0.000000134 -1.000000119 0.000000437 0.000000000 1.000000119 0.000000134 3.253356218
00000118 1.000000000 1.750000000 0.500000000 0.500000000 0.000000000 0.000000000 1.000000000 0.000000000 0.000000000 0.000000000 0.000000000 0.000000134 -1.000000119 0.000000440 0.000000000 1.000000119 0.000000134 3.277255058
00000119 1.000000000 1.750000000 0.500000000 0.500000000 0.000000000 0.000000000 1.000000000 0.000000000 0.000000000 0.000000000 0.000000000 0.000000134 -1.000000119 0.000000444 0.000000000 1.000000119 0.000000134 3.301153898
00000120 1.000000000 1.750000000 0.500000000 0.500000000 0.000000000 0.000000000 1.000000000 0.000000000 0.000000000 0.000000000 0.000000000 0.000000134 -1.000000119 0.000000447 0.000000000 1.000000119 0.000000134 3.325052738
00000121 1.000000000 1.750000000 0.500000000 0.500000000 0.000000000 0.000000000 1.000000000 0.000000000 0.000000000 0.000000000 0.000000000 0.000000134 -1.000000119 0.000000450 0.000000000 1.000000119 0.000000134 3.348951578
00000122 1.000000000 1.750000000 0.500000000 0.500000000 0.000000000 0.000000000 1.000000000 0.000000000 0.000000000 0.000000000 0.000000000 0.000000134 -1.000000119 0.000000453 0.000000000 1.000000119 0.000000134 3.372850418
00000123 1.000000000 1.750000000 0.500000000 0.500000000 0.000000000 0.000000000 1.000000000 0.000000000 0.000000000 0.000000000 0.000000000 0.000000134 -1.000000119 0.000000456 0.000000000 1.000000119 0.000000134 3.396749258
00000124 1.000000000 1.750000000 0.500000000 0.500000000 0.000000000 0.000000000 1.000000000 0.000000000 0.000000000 0.000000000 0.000000000 0.000000134 -1.000000119 0.000000460 0.000000000 1.000000119 0.000000134 3.420648098
00000125 1.000000000 1.750000000 0.500000000 0.500000000 0.000000000 0.000000000 1.000000000 0.000000000 0.000000000 0.000000000 0.000000000 0.000000134 -1.000000119 0.000000463 0.000000000 1.000000119 0.000000134 3.444546938
00000126 1.000000000 1.750000000 0.500000000 0.500000000 0.000000000 0.000000000 1.000000000 0.000000000 0.000000000 0.000000000 0.000000000 0.000000134 -1.000000119 0.000000466 0.000000000 1.000000119 0.000000134 3.468445778
00000127 1.000000000 1.750000000 0.500000000 0.500000000 0.000000000 0.000000000 1.000000000 0.000000000 0.000000000 0.000000000 0.000000000 0.000000134 -1.000000119 0.000000469 0.000000000 1.000000119 0.000000134 3.492344618
00000128 1.000000000 1.750000000 0.500000000 0.500000000 0.000000000 0.000000000 1.000000000 0.000000000 0.000000000 0.000000000 0.000000000 0.000000134 -1.000000119 0.000000472 0.000000000 1.000000119 0.000000134 3.516243458
00000129 1.000000000 1.750000000 0.500000000 0.500000000 0.000000000 0.000000000 1.000000000 0.000000000 0.000000000 0.000000000 0.000000000 0.000000134 -1.000000119 0.000000476 0.000000000 1.000000119 0.000000134 3.540142298
00000130 1.000000000 1.750000000 0.500000000 0.500000000 0.000000000 0.000000000 1.000000000 0.000000000 0.000000000 0.000000000 0.000000000 0.000000134 -1.000000119 0.000000479 0.000000000 1.000000119 0.000000134 3.564041138
00000131 1.000000000 1.750000000 0.500000000 0.500000000 0.000000000 0.000000000 1.000000000 0.000000000 0.000000000 0.000000000 0.000000000 0.000000134 -1.000000119 0.000000482 0.000000000 1.000000119 0.000000134 3.587939978
00000132 1.000000000 1.750000000 0.500000000 0.500000000 0.000000000 0.000000000 1.000000000 0.000000000 0.000000000 0.000000000 0.000000000 0.000000134 -1.000000119 0.000000485 0.000000000 1.000000119 0.000000134 3.611838818
00000133 1.000000000 1.750000000 0.500000000 0.500000000 0.000000000 0.000000000 1.000000000 0.000000000 0.000000000 0.000000000 0.000000000 0.000000134 -1.000000119 0.000000488 0.000000000 1.000000119 0.000000134 3.635737658
00000134 1.000000000 1.750000000 0.500000000 0.500000000 0.000000000 0.000000000 1.000000000 0.000000000 0.000000000 0.000000000 0.000000000 0.000000134 -1.000000119 0.000000492 0.000000000 1.000000119 0.000000134 3.659636497
00000135 1.000000000 1.750000000 0.500000000 0.500000000 0.000000000 0.000000000 1.000000000 0.000000000 0.000000000 0.000000000 0.000000000 0.000000134 -1.000000119 0.000000495 0.000000000 1.000000119 0.000000134 3.683535337
00000136 1.000000000 1.750000000 0.500000000 0.500000000 0.000000000 0.000000000 1.000000000 0.000000000 0.000000000 0.000000000 0.000000000 0.000000134 -1.000000119 0.000000498 0.000000000 1.000000119 0.000000134 3.707434177
00000137 1.000000000 1.750000000 0.500000000 0.500000000 0.000000000 0.000000000 1.000000000 0.000000000 0.000000000 0.000000000 0.000000000 0.000000134 -1.000000119 0.000000501 0.000000000 1.000000119 0.000000134 3.731333017
00000138 1.000000000 1.750000000 0.500000000 0.500000000 0.000000000 0.000000000 1.000000000 0.000000000 0.000000000 0.000000000 0.000000000 0.000000134 -1.000000119 0.000000505 0.000000000 1.000000119 0.000000134 3.755231857
00000139 1.000000000 1.750000000 0.500000000 0.500000000 0.000000000 0.000000000 1.000000000 0.000000000 0.000000000 0.000000000 0.000000000 0.000000134 -1.000000119 0.000000508 0.000000000 1.000000119 0.000000134 3.779130697
00000140 1.000000000 1.750000000 0.500000000 0.500000000 0.000000000 0.000000000 1.000000000 0.000000000 0.000000000 0.000000000 0.000000000 0.000000134 -1.000000119 0.000000511 0.000000000 1.000000119 0.000000134 3.803029537
00000141 1.000000000 1.750000000 0.500000000 0.500000000 0.000000000 0.000000000 1.000000000 0.000000000 0.000000000 0.000000000 0.000000000 0.000000134 -1.000000119 0.000000514 0.000000000 1.000000119 0.000000134 3.826928377
00000142 1.000000000 1.750000000 0.500000000 0.500000000 0.000000000 0.000000000 1.000000000 0.000000000 0.000000000 0.000000000 0.000000000 0.000000134 -1.000000119 0.000000517 0.000000000 1.000000119 0.000000134 3.850827217
00000143 1.000000000 1.750000000 0.500000000 0.500000000 0.000000000 0.000000000 1.000000000 0.000000000 0.000000000 0.000000000 0.000000000 0.000000134 -1.000000119 0.000000521 0.000000000 1.000000119 0.000000134 3.874726057
00000144 1.000000000 1.750000000 0.500000000 0.500000000 0.000000000 0.000000000 1.000000000 0.000000000 0.000000000 0.000000000 0.000000000 0.000000134 -1.000000119 0.000000524 0.000000000 1.000000119 0.000000134 3.898624897
